Webots Project File version R2020b
perspectives: 000000ff00000000fd00000003000000000000000000000000fc0100000001fb0000001a0044006f00630075006d0065006e0074006100740069006f006e0000000000ffffffff0000006900ffffff00000001000001a30000020efc0200000001fb0000001400540065007800740045006400690074006f007201000000150000020e0000008700ffffff0000000300000556000000b0fc0100000001fb0000001a0043006f006e0073006f006c00650041006c006c0041006c006c0100000000000005560000006900ffffff000003b10000020e00000001000000020000000100000008fc00000000
simulationViewPerspectives: 000000ff000000010000000200000100000003380100000002010000000100
sceneTreePerspectives: 000000ff0000000100000002000000c0000000fa0100000002010000000200
maximizedDockId: -1
centralWidgetVisible: 1
orthographicViewHeight: 1
textFiles: 0 "controllers/controller_NBS/controller_NBS.c"
consoles: Console:All:All
renderingDevicePerspectives: vehicle:camera;1;3.53125;0.0651537;0.0351563
renderingDevicePerspectives: vehicle:display;1;1.14;0.0129385;0.62955
